U = C
U =
     1     3    -5    -3     0
     0    -2     3     1    -1
     0   -10    15     5    -5
     0     2    -3    -1     1
     1     1    -2    -2    -1
U = gauss(U, 1)
U =
     1     3    -5    -3     0
     0    -2     3     1    -1
     0   -10    15     5    -5
     0     2    -3    -1     1
     0    -2     3     1    -1
U = gauss(U, 2)
U =
     1     3    -5    -3     0
     0    -2     3     1    -1
     0     0     0     0     0
     0     0     0     0     0
     0     0     0     0     0
L = [1 0 0 0 0; 0 1 0 0 0; 0 5 1 0 0; 0 -1 0 1 0; 1 1 0 0 1]
L =
     1     0     0     0     0
     0     1     0     0     0
     0     5     1     0     0
     0    -1     0     1     0
     1     1     0     0     1
L*U, C
ans =
     1     3    -5    -3     0
     0    -2     3     1    -1
     0   -10    15     5    -5
     0     2    -3    -1     1
     1     1    -2    -2    -1
C =
     1     3    -5    -3     0
     0    -2     3     1    -1
     0   -10    15     5    -5
     0     2    -3    -1     1
     1     1    -2    -2    -1
diary
