U = D
U =
     2    -4    -2     4
     6    -9    -3     7
    -1    -4     0     8
U = gauss(U, 1)
U =
     2    -4    -2     4
     0     3     3    -5
     0    -6    -1    10
U = gauss(U, 2)
U =
     2    -4    -2     4
     0     3     3    -5
     0     0     5     0
L = [1 0 0; 3 1 0; -1/2 -2 1]
L =
    1.0000         0         0
    3.0000    1.0000         0
   -0.5000   -2.0000    1.0000
L*U, D
ans =
     2    -4    -2     4
     6    -9    -3     7
    -1    -4     0     8
D =
     2    -4    -2     4
     6    -9    -3     7
    -1    -4     0     8
diary
