U = E
U =
     2     6    -1
    -4    -9    -4
    -2    -3     0
     4     7     8
U = gauss(U, 1)
U =
     2     6    -1
     0     3    -6
     0     3    -1
     0    -5    10
U = gauss(U, 2)
U =
     2     6    -1
     0     3    -6
     0     0     5
     0     0     0
L = [1 0 0 0 ; -2 1 0 0 ; -1 1 1 0; 2 -5/3  0 1]
L =
    1.0000         0         0         0
   -2.0000    1.0000         0         0
   -1.0000    1.0000    1.0000         0
    2.0000   -1.6667         0    1.0000
L*U, E
ans =
     2     6    -1
    -4    -9    -4
    -2    -3     0
     4     7     8
E =
     2     6    -1
    -4    -9    -4
    -2    -3     0
     4     7     8
diary
