[L U P] = lu(B)
L =
    1.0000         0         0
    0.6667    1.0000         0
   -0.3333   -0.3846    1.0000
U =
   15.0000    1.0000    2.0000
         0   -8.6667  -10.3333
         0         0    0.6923
P =
     1     0     0
     0     1     0
     0     0     1
L*U, P*B
ans =
   15.0000    1.0000    2.0000
   10.0000   -8.0000   -9.0000
   -5.0000    3.0000    4.0000
ans =
    15     1     2
    10    -8    -9
    -5     3     4
[L1 U1] = lu(B)
L1 =
    1.0000         0         0
    0.6667    1.0000         0
   -0.3333   -0.3846    1.0000
U1 =
   15.0000    1.0000    2.0000
         0   -8.6667  -10.3333
         0         0    0.6923
L1*U1, B
ans =
   15.0000    1.0000    2.0000
   10.0000   -8.0000   -9.0000
   -5.0000    3.0000    4.0000
B =
    15     1     2
    10    -8    -9
    -5     3     4
diary
