[L U P] = lu(C)
L =
    1.0000         0         0         0         0
         0    1.0000         0         0         0
         0    0.2000    1.0000         0         0
         0   -0.2000   -1.0000    1.0000         0
    1.0000    0.2000    1.0000   -1.0000    1.0000
U =
    1.0000    3.0000   -5.0000   -3.0000         0
         0  -10.0000   15.0000    5.0000   -5.0000
         0         0   -0.0000         0         0
         0         0         0    0.0000         0
         0         0         0         0         0
P =
     1     0     0     0     0
     0     0     1     0     0
     0     1     0     0     0
     0     0     0     1     0
     0     0     0     0     1
L*U, P*C
ans =
    1.0000    3.0000   -5.0000   -3.0000         0
         0  -10.0000   15.0000    5.0000   -5.0000
         0   -2.0000    3.0000    1.0000   -1.0000
         0    2.0000   -3.0000   -1.0000    1.0000
    1.0000    1.0000   -2.0000   -2.0000   -1.0000
ans =
     1     3    -5    -3     0
     0   -10    15     5    -5
     0    -2     3     1    -1
     0     2    -3    -1     1
     1     1    -2    -2    -1
[L1 U1] = lu(C)
L1 =
    1.0000         0         0         0         0
         0    0.2000    1.0000         0         0
         0    1.0000         0         0         0
         0   -0.2000   -1.0000    1.0000         0
    1.0000    0.2000    1.0000   -1.0000    1.0000
U1 =
    1.0000    3.0000   -5.0000   -3.0000         0
         0  -10.0000   15.0000    5.0000   -5.0000
         0         0   -0.0000         0         0
         0         0         0    0.0000         0
         0         0         0         0         0
L1*U1, C
ans =
    1.0000    3.0000   -5.0000   -3.0000         0
         0   -2.0000    3.0000    1.0000   -1.0000
         0  -10.0000   15.0000    5.0000   -5.0000
         0    2.0000   -3.0000   -1.0000    1.0000
    1.0000    1.0000   -2.0000   -2.0000   -1.0000
C =
     1     3    -5    -3     0
     0    -2     3     1    -1
     0   -10    15     5    -5
     0     2    -3    -1     1
     1     1    -2    -2    -1
diary
